                             model K relative_count relative_percentage percentage_passed absolute_count absolute_percentage interval_time_passed standard_deviation_passed
1                              GRW 3              7           3.8251366          85.71429              6           3.2786885             3.845610                 3.8602525
2                              URW 2              7           3.8251366         100.00000              7           3.8251366             4.828478                 3.0200789
3                           Stasis 2             18           9.8360656          94.44444             17           9.2896175             2.929126                 2.4609316
4                    Strict Stasis 1              7           3.8251366          57.14286              4           2.1857923             3.557500                 2.2850000
5                            Decel 3              1           0.5464481         100.00000              1           0.5464481             1.369883                        NA
6                            Accel 3              2           1.0928962          50.00000              1           0.5464481             4.448000                        NA
7                               OU 4             13           7.1038251         100.00000             13           7.1038251             2.637667                 3.1752005
8  OU Mov. Optm. (Ancestral State) 4              4           2.1857923         100.00000              4           2.1857923             2.258788                 3.9384555
9                    OU Mov. Optm. 5              0           0.0000000               NaN              0           0.0000000                   NA                        NA
10                   Stasis-Stasis 4              2           1.0928962           0.00000              0           0.0000000                   NA                        NA
11                      Stasis-URW 4             16           8.7431694          50.00000              8           4.3715847             1.636569                 2.1882168
12                      Stasis-GRW 5              5           2.7322404          40.00000              2           1.0928962             3.498285                 0.2379909
13                       Stasis-OU 6             15           8.1967213          66.66667             10           5.4644809             4.258483                 3.4333949
14                         URW-URW 4              0           0.0000000               NaN              0           0.0000000                   NA                        NA
15                         URW-GRW 5             10           5.4644809          60.00000              6           3.2786885             1.309265                 2.4695228
16                          URW-OU 6             15           8.1967213          66.66667             10           5.4644809             2.964051                 2.3451591
17                         GRW-GRW 6             19          10.3825137          73.68421             14           7.6502732             2.879539                 2.1661179
18                          GRW-OU 7             24          13.1147541          75.00000             18           9.8360656             2.452909                 3.0189231
19                           OU-OU 8             22          12.0218579          77.27273             17           9.2896175             3.679779                 3.7786673
   percentage_size_passed percentage_shape_passed
1                50.00000                50.00000
2                42.85714                14.28571
3                76.47059                17.64706
4                75.00000                25.00000
5                 0.00000                 0.00000
6               100.00000                 0.00000
7                84.61538                15.38462
8               100.00000                 0.00000
9                     NaN                     NaN
10                    NaN                     NaN
11               71.42857                14.28571
12               50.00000                50.00000
13               80.00000                 0.00000
14                    NaN                     NaN
15               60.00000                20.00000
16               66.66667                33.33333
17               50.00000                14.28571
18               33.33333                33.33333
19               47.05882                41.17647
[1] "Total number of time series investigated: 183"
[1] "Total number of time series which passed adequacy tests: 138"
[1] "Percentage of time series which passed adequacy tests: 75.4098360655738"
